10/31/18	11:01:53	700	50	695	48	460	49	538
10/31/18	11:01:54	700	50	695	48	460	50	538
10/31/18	11:01:55	700	50	695	48	460	49	538
10/31/18	11:01:56	700	50	695	47	460	49	538
10/31/18	11:01:57	700	50	695	47	460	49	538
10/31/18	11:01:58	700	50	695	47	460	49	538
10/31/18	11:02:00	700	50	695	47	460	49	538
10/31/18	11:02:01	700	50	695	48	460	49	538
10/31/18	11:02:02	700	50	695	48	460	49	538
10/31/18	11:02:03	700	50	695	48	460	50	538
10/31/18	11:02:04	700	50	695	48	460	49	538
10/31/18	11:02:05	700	50	695	47	460	49	538
10/31/18	11:02:06	700	50	695	48	460	49	538
10/31/18	11:02:07	700	50	695	47	460	48	538
10/31/18	11:02:09	700	50	695	48	460	49	538
10/31/18	11:02:10	700	50	695	47	460	49	538
10/31/18	11:02:11	700	50	695	48	460	49	537
10/31/18	11:02:12	700	50	695	47	460	49	538
10/31/18	11:02:13	700	50	695	48	460	49	538
10/31/18	11:02:14	700	50	695	47	460	49	537
10/31/18	11:02:15	700	50	695	47	460	49	537
10/31/18	11:02:16	700	50	695	47	460	50	537
10/31/18	11:02:18	700	50	695	48	460	49	537
10/31/18	11:02:19	700	50	695	47	460	49	537
10/31/18	11:02:20	700	50	695	47	460	49	537
10/31/18	11:02:21	700	50	695	48	460	49	537
10/31/18	11:02:22	700	50	695	48	460	49	537
10/31/18	11:02:23	700	50	695	47	460	49	537
10/31/18	11:02:24	700	50	695	47	460	49	537
10/31/18	11:02:25	700	50	695	47	460	49	537
10/31/18	11:02:27	700	50	695	48	460	49	537
10/31/18	11:02:28	700	50	695	48	460	49	537
10/31/18	11:02:29	700	50	695	48	460	49	537
10/31/18	11:02:30	700	50	695	47	460	50	537
10/31/18	11:02:31	700	50	695	47	460	49	537
10/31/18	11:02:32	700	50	695	48	460	49	537
10/31/18	11:02:33	700	50	695	48	460	49	537
10/31/18	11:02:35	700	50	695	47	460	49	537
10/31/18	11:02:36	700	50	695	47	460	49	537
10/31/18	11:02:37	700	50	695	47	460	49	537
10/31/18	11:02:38	700	50	695	47	460	49	537
10/31/18	11:02:39	700	50	695	48	460	49	537
10/31/18	11:02:40	700	50	695	47	460	49	536
10/31/18	11:02:41	700	50	695	47	460	49	536
10/31/18	11:02:42	700	50	695	48	460	49	536
10/31/18	11:02:44	700	50	695	48	460	49	536
10/31/18	11:02:45	700	50	695	48	460	49	536
10/31/18	11:02:46	700	50	695	48	460	49	536
10/31/18	11:02:47	700	50	695	48	460	49	536
10/31/18	11:02:48	700	50	695	47	460	48	536
10/31/18	11:02:49	700	50	695	47	460	49	536
10/31/18	11:02:50	700	50	695	47	460	49	536
10/31/18	11:02:51	700	50	695	48	460	49	536
10/31/18	11:02:53	700	50	695	48	460	49	536
10/31/18	11:02:54	700	50	695	47	460	49	536
10/31/18	11:02:55	700	50	695	48	460	49	536
10/31/18	11:02:56	700	50	695	48	460	49	536
10/31/18	11:02:57	700	50	695	48	460	49	536
10/31/18	11:02:58	700	50	695	46	460	49	536
10/31/18	11:02:59	700	50	695	47	460	49	536
10/31/18	11:03:00	700	50	695	47	460	49	536
10/31/18	11:03:02	700	50	695	48	460	49	536
10/31/18	11:03:03	700	50	695	48	460	49	536
10/31/18	11:03:04	700	50	695	48	460	49	536
10/31/18	11:03:05	700	50	695	47	460	49	536
