$pkt 50
Ser BBFL2WB-1755
Ver Triplet5.33
Ave 10
Pkt 50
M1d 50
M2d 50
M3d 50
M1s 5.020E-02
M2s 1.690E-02
M3s 7.510E-02
Seq 0
Rat 19200
Set 3
Rec 0
Man 0
Int 00:01:04
Dat 04/02/26
Clk 16:44:07
Mst 16:00:41
Mem 2554
$runmvs 4
04/02/26	16:44:12	700	59	695	1905	460	866	539
04/02/26	16:44:12	700	59	695	1906	460	863	539
04/02/26	16:44:13	700	59	695	1906	460	860	539
04/02/26	16:44:14	700	59	695	1906	460	856	539
04/02/26	16:44:14	700	60	695	1907	460	852	539
04/02/26	16:44:15	700	59	695	1906	460	849	539
04/02/26	16:44:16	700	59	695	1905	460	845	539
04/02/26	16:44:16	700	60	695	1907	460	842	539
04/02/26	16:44:17	700	59	695	1905	460	838	539
04/02/26	16:44:18	700	60	695	1905	460	836	539
04/02/26	16:44:18	700	59	695	1906	460	832	539
04/02/26	16:44:19	700	60	695	1906	460	829	539
04/02/26	16:44:20	700	59	695	1906	460	827	539
04/02/26	16:44:20	700	59	695	1906	460	824	539
04/02/26	16:44:21	700	59	695	1906	460	822	539
04/02/26	16:44:22	700	60	695	1906	460	819	538
04/02/26	16:44:22	700	60	695	1905	460	817	539
04/02/26	16:44:23	700	59	695	1906	460	815	538
04/02/26	16:44:24	700	60	695	1906	460	814	538
04/02/26	16:44:24	700	60	695	1906	460	813	538
04/02/26	16:44:25	700	60	695	1905	460	810	539
04/02/26	16:44:25	700	60	695	1905	460	809	538
04/02/26	16:44:26	700	60	695	1906	460	808	538
04/02/26	16:44:27	700	60	695	1906	460	808	538
04/02/26	16:44:27	700	60	695	1905	460	806	538
04/02/26	16:44:28	700	60	695	1906	460	805	538
04/02/26	16:44:29	700	60	695	1906	460	804	538
04/02/26	16:44:29	700	60	695	1906	460	804	538
04/02/26	16:44:30	700	60	695	1905	460	803	538
04/02/26	16:44:31	700	60	695	1907	460	802	538
04/02/26	16:44:31	700	60	695	1906	460	802	538
04/02/26	16:44:32	700	60	695	1906	460	802	538
04/02/26	16:44:33	700	60	695	1905	460	802	538
04/02/26	16:44:33	700	60	695	1905	460	801	538
04/02/26	16:44:34	700	60	695	1906	460	802	538
04/02/26	16:44:35	700	60	695	1905	460	801	538
04/02/26	16:44:35	700	60	695	1905	460	801	538
04/02/26	16:44:36	700	60	695	1905	460	801	538
04/02/26	16:44:37	700	60	695	1905	460	801	538
04/02/26	16:44:37	700	60	695	1905	460	801	538
04/02/26	16:44:38	700	60	695	1904	460	802	538
04/02/26	16:44:38	700	60	695	1905	460	801	538
04/02/26	16:44:39	700	60	695	1905	460	801	538
04/02/26	16:44:40	700	60	695	1905	460	801	538
04/02/26	16:44:40	700	60	695	1905	460	801	538
04/02/26	16:44:41	700	60	695	1906	460	801	538
04/02/26	16:44:42	700	60	695	1906	460	801	538
04/02/26	16:44:42	700	60	695	1906	460	801	538
04/02/26	16:44:43	700	60	695	1905	460	801	538
04/02/26	16:44:44	700	60	695	1906	460	800	538

16:45:12
!!!!!!
Ser BBFL2WB-1755
Ver Triplet5.33
Ave 10
Pkt 50
M1d 50
M2d 50
M3d 50
M1s 5.020E-02
M2s 1.690E-02
M3s 7.510E-02
Seq 0
Rat 19200
Set 3
Rec 0
Man 0
Int 00:01:04
Dat 04/02/26
Clk 16:44:47
Mst 16:45:12
Mem 2554
