mvs 4
04/02/26	16:02:53	700	2030	695	126	460	2500	538
04/02/26	16:02:54	700	2031	695	127	460	2503	537
04/02/26	16:02:54	700	2031	695	127	460	2505	538
04/02/26	16:02:55	700	2030	695	126	460	2505	537
04/02/26	16:02:56	700	2029	695	126	460	2506	537
04/02/26	16:02:56	700	2027	695	127	460	2506	537
04/02/26	16:02:57	700	2029	695	127	460	2507	537
04/02/26	16:02:57	700	2030	695	127	460	2507	537
04/02/26	16:02:58	700	2031	695	126	460	2507	537
04/02/26	16:02:59	700	2029	695	126	460	2507	537
04/02/26	16:02:59	700	2028	695	126	460	2507	537
04/02/26	16:03:00	700	2027	695	126	460	2507	537
04/02/26	16:03:01	700	2026	695	127	460	2507	537
04/02/26	16:03:01	700	2026	695	126	460	2507	537
04/02/26	16:03:02	700	2025	695	126	460	2507	536
04/02/26	16:03:03	700	2025	695	126	460	2508	536
04/02/26	16:03:03	700	2025	695	127	460	2509	537
04/02/26	16:03:04	700	2024	695	127	460	2510	537
04/02/26	16:03:05	700	2024	695	126	460	2510	537
04/02/26	16:03:05	700	2023	695	127	460	2509	536
04/02/26	16:03:06	700	2022	695	126	460	2511	536
04/02/26	16:03:07	700	2020	695	128	460	2511	536
04/02/26	16:03:07	700	2019	695	127	460	2511	536
04/02/26	16:03:08	700	2018	695	127	460	2511	536
04/02/26	16:03:09	700	2017	695	126	460	2512	536
04/02/26	16:03:09	700	2017	695	126	460	2512	536
04/02/26	16:03:10	700	2016	695	127	460	2512	536
04/02/26	16:03:11	700	2016	695	126	460	2511	536
04/02/26	16:03:11	700	2016	695	126	460	2512	536
04/02/26	16:03:12	700	2015	695	126	460	2512	536
04/02/26	16:03:12	700	2016	695	127	460	2512	536
04/02/26	16:03:13	700	2017	695	127	460	2513	536
04/02/26	16:03:14	700	2017	695	127	460	2512	536
04/02/26	16:03:14	700	2019	695	127	460	2514	536
04/02/26	16:03:15	700	2018	695	126	460	2514	536
04/02/26	16:03:16	700	2019	695	127	460	2514	536
04/02/26	16:03:16	700	2020	695	127	460	2514	536
04/02/26	16:03:17	700	2022	695	126	460	2514	536
04/02/26	16:03:18	700	2019	695	127	460	2514	536
04/02/26	16:03:18	700	2018	695	126	460	2514	536
04/02/26	16:03:19	700	2019	695	127	460	2514	536
04/02/26	16:03:20	700	2016	695	127	460	2514	536
04/02/26	16:03:20	700	2016	695	126	460	2513	536
04/02/26	16:03:21	700	2014	695	126	460	2513	536
04/02/26	16:03:22	700	2014	695	126	460	2512	536
04/02/26	16:03:22	700	2012	695	126	460	2512	536
!04/02/26	16:03:23	700	2013	695	127	460	2512	536
!!!!
Ser BBFL2WB-1755
Ver Triplet5.33
Ave 10
Pkt 60
M1d 50
M2d 50
M3d 50
M1s 5.020E-02
M2s 1.690E-02
M3s 7.510E-02
Seq 0
Rat 19200
Set 3
Rec 0
Man 0
Int 00:01:04
Dat 04/02/26
Clk 16:03:24
Mst 16:00:41
Mem 2554
