M1d 50
M2d 50
M3d 50
M1s 5.020E-02
M2s 1.690E-02
M3s 7.510E-02
M1d 50
M2d 50
M3d 50
M1s 5.020E-02
M2s 1.690E-02
M3s 7.510E-02
M1d 50
M2d 50
M3d 50
M1s 5.020E-02
M2s 1.690E-02
M3s 7.510E-02
04/02/26	16:49:39	700	50	695	50	460	50	537
04/02/26	16:49:40	700	50	695	49	460	50	537
04/02/26	16:49:41	700	50	695	49	460	50	537
04/02/26	16:49:43	700	50	695	49	460	50	537
04/02/26	16:49:44	700	50	695	49	460	50	537
04/02/26	16:49:45	700	50	695	49	460	50	537
04/02/26	16:49:46	700	50	695	48	460	50	537
04/02/26	16:49:47	700	50	695	48	460	50	537
04/02/26	16:49:48	700	50	695	50	460	50	537
04/02/26	16:49:49	700	50	695	50	460	50	537
04/02/26	16:49:50	700	50	695	50	460	50	537
04/02/26	16:49:52	700	50	695	49	460	50	537
04/02/26	16:49:53	700	50	695	49	460	50	537
04/02/26	16:49:54	700	50	695	49	460	50	536
04/02/26	16:49:55	700	50	695	49	460	50	536
04/02/26	16:49:56	700	50	695	49	460	50	536
04/02/26	16:49:57	700	50	695	50	460	50	536
04/02/26	16:49:58	700	50	695	49	460	50	536
04/02/26	16:49:59	700	50	695	49	460	50	537
04/02/26	16:50:01	700	50	695	49	460	50	537
04/02/26	16:50:02	700	50	695	49	460	50	536
04/02/26	16:50:03	700	50	695	49	460	50	536
04/02/26	16:50:04	700	50	695	50	460	50	536
04/02/26	16:50:05	700	50	695	49	460	50	537
04/02/26	16:50:06	700	50	695	49	460	50	537
04/02/26	16:50:07	700	50	695	49	460	50	536
04/02/26	16:50:08	700	50	695	49	460	50	536
04/02/26	16:50:10	700	50	695	50	460	50	536
04/02/26	16:50:11	700	50	695	49	460	50	536
04/02/26	16:50:12	700	50	695	49	460	50	536
04/02/26	16:50:13	700	50	695	50	460	50	536
04/02/26	16:50:14	700	50	695	50	460	50	536
04/02/26	16:50:15	700	50	695	49	460	50	536
04/02/26	16:50:16	700	50	695	49	460	50	536
04/02/26	16:50:17	700	50	695	48	460	50	536
04/02/26	16:50:19	700	50	695	49	460	50	536
04/02/26	16:50:20	700	50	695	49	460	50	536
04/02/26	16:50:21	700	50	695	49	460	50	536
04/02/26	16:50:22	700	50	695	48	460	50	536
04/02/26	16:50:23	700	50	695	49	460	50	536
04/02/26	16:50:24	700	50	695	49	460	50	536
04/02/26	16:50:25	700	50	695	49	460	50	536
04/02/26	16:50:27	700	50	695	49	460	50	536
04/02/26	16:50:28	700	50	695	49	460	50	536
04/02/26	16:50:29	700	50	695	49	460	50	536
04/02/26	16:50:30	700	50	695	49	460	50	536
04/02/26	16:50:31	700	50	695	48	460	50	536
04/02/26	16:50:32	700	50	695	49	460	50	536
04/02/26	16:50:33	700	50	695	50	460	50	536
04/02/26	16:50:34	700	50	695	49	460	50	536
04/02/26	16:50:36	700	50	695	49	460	50	536
04/02/26	16:50:37	700	50	695	48	460	50	536
04/02/26	16:50:38	700	50	695	49	460	50	535
04/02/26	16:50:39	700	50	695	49	460	50	536
04/02/26	16:50:40	700	50	695	48	460	50	536
04/02/26	16:50:41	700	50	695	49	460	50	536
04/02/26	16:50:42	700	50	695	49	460	50	536
04/02/26	16:50:43	700	50	695	49	460	50	536
04/02/26	16:50:45	700	50	695	50	460	50	535
04/02/26	16:50:46	700	50	695	49	460	50	536
04/02/26	16:50:47	700	50	695	50	460	50	535
04/02/26	16:50:48	700	50	695	49	460	50	535
04/02/26	16:50:49	700	50	695	49	460	50	536
04/02/26	16:50:50	700	50	695	49	460	50	535
04/02/26	16:50:51	700	50	695	49	460	50	535
04/02/26	16:50:52	700	50	695	49	460	50	535
04/02/26	16:50:54	700	50	695	49	460	50	535
04/02/26	16:50:55	700	50	695	49	460	50	535
04/02/26	16:50:56	700	50	695	49	460	50	535
04/02/26	16:50:57	700	50	695	49	460	50	536
04/02/26	16:50:58	700	50	695	49	460	50	535
04/02/26	16:50:59	700	50	695	49	460	50	535
04/02/26	16:51:00	700	50	695	48	460	50	535
04/02/26	16:51:01	700	50	695	50	460	50	535
04/02/26	16:51:03	700	50	695	50	460	50	535
04/02/26	16:51:04	700	50	695	49	460	50	535
04/02/26	16:51:05	700	50	695	49	460	50	535
04/02/26	16:51:06	700	50	695	50	460	50	535
04/02/26	16:51:07	700	50	695	48	460	50	535
04/02/26	16:51:08	700	50	695	49	460	50	535
04/02/26	16:51:09	700	50	695	49	460	50	535
04/02/26	16:51:10	700	50	695	49	460	50	535
04/02/26	16:51:12	700	50	695	49	460	50	535
04/02/26	16:51:13	700	50	695	49	460	50	535
04/02/26	16:51:14	700	50	695	49	460	50	535
04/02/26	16:51:15	700	50	695	49	460	50	535
04/02/26	16:51:16	700	50	695	49	460	50	535
04/02/26	16:51:17	700	50	695	48	460	50	535
04/02/26	16:51:18	700	50	695	49	460	50	535
04/02/26	16:51:20	700	50	695	49	460	50	535
04/02/26	16:51:21	700	50	695	49	460	50	535
04/02/26	16:51:22	700	50	695	49	460	50	535
04/02/26	16:51:23	700	50	695	49	460	50	535
04/02/26	16:51:24	700	50	695	49	460	50	535
04/02/26	16:51:25	700	50	695	49	460	50	535
04/02/26	16:51:26	700	50	695	49	460	50	535
04/02/26	16:51:27	700	50	695	49	460	50	535
04/02/26	16:51:29	700	50	695	50	460	50	535
04/02/26	16:51:30	700	50	695	49	460	50	535
04/02/26	16:51:31	700	50	695	49	460	50	535
04/02/26	16:51:32	700	50	695	50	460	50	535
04/02/26	16:51:33	700	50	695	49	460	50	535
04/02/26	16:51:34	700	50	695	50	460	50	535
04/02/26	16:51:35	700	50	695	49	460	50	535
04/02/26	16:51:36	700	50	695	49	460	50	535
04/02/26	16:51:38	700	50	695	49	460	50	535
04/02/26	16:51:39	700	50	695	48	460	50	535
04/02/26	16:51:40	700	50	695	49	460	50	535
04/02/26	16:51:41	700	50	695	49	460	50	535
04/02/26	16:51:42	700	50	695	49	460	50	535
04/02/26	16:51:43	700	50	695	50	460	50	535
04/02/26	16:51:44	700	50	695	49	460	50	535
04/02/26	16:51:45	700	50	695	49	460	50	535
04/02/26	16:51:47	700	50	695	49	460	50	535
04/02/26	16:51:48	700	50	695	49	460	50	535
04/02/26	16:51:49	700	50	695	49	460	50	534
04/02/26	16:51:50	700	50	695	49	460	50	535
04/02/26	16:51:51	700	50	695	49	460	50	535
04/02/26	16:51:52	700	50	695	50	460	50	535
04/02/26	16:51:53	700	50	695	49	460	50	534
04/02/26	16:51:54	700	50	695	49	460	50	535
04/02/26	16:51:56	700	50	695	49	460	50	534
04/02/26	16:51:57	700	50	695	49	460	50	535
04/02/26	16:51:58	700	50	695	49	460	50	534
04/02/26	16:51:59	700	50	695	49	460	50	535
04/02/26	16:52:00	700	50	695	49	460	50	534
04/02/26	16:52:01	700	50	695	49	460	50	534
04/02/26	16:52:02	700	50	695	49	460	50	534
04/02/26	16:52:03	700	50	695	50	460	50	534
04/02/26	16:52:05	700	50	695	50	460	50	534
04/02/26	16:52:06	700	50	695	48	460	50	535
04/02/26	16:52:07	700	50	695	49	460	50	534
04/02/26	16:52:08	700	50	695	49	460	50	534
04/02/26	16:52:09	700	50	695	50	460	50	534
04/02/26	16:52:10	700	50	695	50	460	50	534
04/02/26	16:52:11	700	50	695	49	460	50	534
04/02/26	16:52:13	700	50	695	50	460	50	534
04/02/26	16:52:14	700	50	695	49	460	50	534
04/02/26	16:52:15	700	50	695	49	460	50	534
04/02/26	16:52:16	700	50	695	49	460	50	534
04/02/26	16:52:17	700	50	695	49	460	50	534
04/02/26	16:52:18	700	50	695	49	460	50	534
04/02/26	16:52:19	700	50	695	49	460	50	534
04/02/26	16:52:20	700	50	695	50	460	50	534
04/02/26	16:52:22	700	50	695	49	460	50	534
04/02/26	16:52:23	700	50	695	49	460	50	534
04/02/26	16:52:24	700	50	695	49	460	50	534
04/02/26	16:52:25	700	50	695	49	460	50	534
04/02/26	16:52:26	700	50	695	49	460	50	534
04/02/26	16:52:27	700	50	695	49	460	50	534
04/02/26	16:52:28	700	50	695	49	460	50	534
04/02/26	16:52:29	700	50	695	49	460	50	534
04/02/26	16:52:31	700	50	695	49	460	50	534
04/02/26	16:52:32	700	50	695	49	460	50	534
04/02/26	16:52:33	700	50	695	49	460	50	534
04/02/26	16:52:34	700	50	695	49	460	50	534
04/02/26	16:52:35	700	50	695	49	460	50	534
04/02/26	16:52:36	700	50	695	48	460	50	534
04/02/26	16:52:37	700	50	695	50	460	50	534
04/02/26	16:52:38	700	50	695	49	460	50	534
04/02/26	16:52:40	700	50	695	49	460	50	534
04/02/26	16:52:41	700	50	695	50	460	50	534
04/02/26	16:52:42	700	50	695	49	460	50	534
04/02/26	16:52:43	700	50	695	48	460	50	534
04/02/26	16:52:44	700	50	695	49	460	50	534
04/02/26	16:52:45	700	50	695	49	460	50	534
04/02/26	16:52:46	700	50	695	49	460	50	534
04/02/26	16:52:47	700	50	695	49	460	50	534
04/02/26	16:52:49	700	50	695	49	460	50	534
04/02/26	16:52:50	700	50	695	49	460	50	534
04/02/26	16:52:51	700	50	695	49	460	50	534
04/02/26	16:52:52	700	50	695	49	460	50	534
04/02/26	16:52:53	700	50	695	49	460	50	534
04/02/26	16:52:54	700	50	695	48	460	50	534
04/02/26	16:52:55	700	50	695	50	460	50	534
04/02/26	16:52:56	700	50	695	49	460	50	534
04/02/26	16:52:58	700	50	695	49	460	50	534
04/02/26	16:52:59	700	50	695	49	460	50	534
04/02/26	16:53:00	700	50	695	49	460	50	534
04/02/26	16:53:01	700	50	695	49	460	50	534
04/02/26	16:53:02	700	50	695	49	460	50	534
04/02/26	16:53:03	700	50	695	48	460	50	534
04/02/26	16:53:04	700	50	695	49	460	50	534
04/02/26	16:53:06	700	50	695	49	460	50	534
04/02/26	16:53:07	700	50	695	49	460	50	534
04/02/26	16:53:08	700	50	695	49	460	50	534
04/02/26	16:53:09	700	50	695	50	460	50	534
04/02/26	16:53:10	700	50	695	49	460	50	534
04/02/26	16:53:11	700	50	695	49	460	50	533
04/02/26	16:53:12	700	50	695	49	460	50	534
04/02/26	16:53:13	700	50	695	49	460	50	533
04/02/26	16:53:15	700	50	695	49	460	50	534
04/02/26	16:53:16	700	50	695	49	460	50	533
04/02/26	16:53:17	700	50	695	49	460	50	534
04/02/26	16:53:18	700	50	695	49	460	50	533
04/02/26	16:53:19	700	50	695	49	460	50	533
04/02/26	16:53:20	700	50	695	49	460	50	533
04/02/26	16:53:21	700	50	695	49	460	50	534
04/02/26	16:53:22	700	50	695	49	460	50	534
04/02/26	16:53:24	700	50	695	49	460	50	533
04/02/26	16:53:25	700	50	695	49	460	50	533
04/02/26	16:53:26	700	50	695	49	460	50	533
04/02/26	16:53:27	700	50	695	49	460	50	533
04/02/26	16:53:28	700	50	695	49	460	50	533
04/02/26	16:53:29	700	50	695	50	460	50	533
04/02/26	16:53:30	700	50	695	49	460	50	533
04/02/26	16:53:31	700	50	695	49	460	50	533
04/02/26	16:53:33	700	50	695	49	460	50	533
04/02/26	16:53:34	700	50	695	49	460	50	533
04/02/26	16:53:35	700	50	695	49	460	50	533
04/02/26	16:53:36	700	50	695	49	460	50	533
04/02/26	16:53:37	700	50	695	49	460	50	533
04/02/26	16:53:38	700	50	695	49	460	50	533
04/02/26	16:53:39	700	50	695	48	460	50	533
04/02/26	16:53:40	700	50	695	49	460	50	533
04/02/26	16:53:42	700	50	695	48	460	50	533
04/02/26	16:53:43	700	50	695	49	460	50	533
04/02/26	16:53:44	700	50	695	49	460	50	533
04/02/26	16:53:45	700	50	695	49	460	50	533
04/02/26	16:53:46	700	50	695	49	460	50	533
04/02/26	16:53:47	700	50	695	49	460	50	533
04/02/26	16:53:48	700	50	695	49	460	50	533
04/02/26	16:53:49	700	50	695	49	460	50	533
04/02/26	16:53:51	700	50	695	50	460	50	533
04/02/26	16:53:52	700	50	695	49	460	50	533
04/02/26	16:53:53	700	50	695	48	460	50	533
04/02/26	16:53:54	700	50	695	49	460	50	533
04/02/26	16:53:55	700	50	695	49	460	50	533
04/02/26	16:53:56	700	50	695	49	460	50	533
04/02/26	16:53:57	700	50	695	49	460	50	533
04/02/26	16:53:59	700	50	695	49	460	50	533
04/02/26	16:54:00	700	50	695	49	460	50	533
04/02/26	16:54:01	700	50	695	49	460	50	533
04/02/26	16:54:02	700	50	695	49	460	50	533
04/02/26	16:54:03	700	50	695	49	460	50	533
04/02/26	16:54:04	700	50	695	49	460	50	533
04/02/26	16:54:05	700	50	695	49	460	50	533
04/02/26	16:54:06	700	50	695	49	460	50	533
04/02/26	16:54:08	700	50	695	49	460	50	533
04/02/26	16:54:09	700	50	695	49	460	50	533
04/02/26	16:54:10	700	50	695	49	460	50	533
04/02/26	16:54:11	700	50	695	49	460	50	533
04/02/26	16:54:12	700	50	695	49	460	50	533
04/02/26	16:54:13	700	50	695	49	460	50	533
04/02/26	16:54:14	700	50	695	49	460	50	533
04/02/26	16:54:15	700	50	695	49	460	50	533
04/02/26	16:54:17	700	50	695	49	460	50	533
04/02/26	16:54:18	700	50	695	49	460	50	533
04/02/26	16:54:19	700	50	695	48	460	50	533
04/02/26	16:54:20	700	50	695	49	460	50	533
04/02/26	16:54:21	700	50	695	49	460	50	533
04/02/26	16:54:22	700	50	695	49	460	50	533
04/02/26	16:54:23	700	50	695	49	460	50	533
04/02/26	16:54:24	700	50	695	49	460	50	533
04/02/26	16:54:26	700	50	695	50	460	50	533
04/02/26	16:54:27	700	50	695	50	460	50	533
04/02/26	16:54:28	700	50	695	50	460	50	533
04/02/26	16:54:29	700	50	695	50	460	50	533
04/02/26	16:54:30	700	50	695	49	460	50	533
04/02/26	16:54:31	700	50	695	49	460	50	533
04/02/26	16:54:32	700	50	695	49	460	50	533
04/02/26	16:54:33	700	50	695	49	460	50	533
04/02/26	16:54:35	700	50	695	49	460	50	533
04/02/26	16:54:36	700	50	695	49	460	50	533
04/02/26	16:54:37	700	50	695	49	460	50	533
04/02/26	16:54:38	700	50	695	49	460	50	533
04/02/26	16:54:39	700	50	695	50	460	50	533
04/02/26	16:54:40	700	50	695	50	460	50	533
04/02/26	16:54:41	700	50	695	50	460	50	533
04/02/26	16:54:42	700	50	695	50	460	50	533
04/02/26	16:54:44	700	50	695	49	460	50	533
04/02/26	16:54:45	700	50	695	49	460	50	533
04/02/26	16:54:46	700	50	695	49	460	50	533
04/02/26	16:54:47	700	50	695	50	460	50	533
04/02/26	16:54:48	700	50	695	49	460	50	533
04/02/26	16:54:49	700	50	695	49	460	50	533
04/02/26	16:54:50	700	50	695	49	460	50	533
04/02/26	16:54:52	700	50	695	49	460	50	533
04/02/26	16:54:53	700	50	695	49	460	50	532
04/02/26	16:54:54	700	50	695	48	460	50	533
04/02/26	16:54:55	700	50	695	48	460	50	533
04/02/26	16:54:56	700	50	695	50	460	50	533
04/02/26	16:54:57	700	50	695	50	460	50	533
04/02/26	16:54:58	700	50	695	49	460	50	533
04/02/26	16:54:59	700	50	695	49	460	50	533
04/02/26	16:55:01	700	50	695	50	460	50	532
04/02/26	16:55:02	700	50	695	49	460	50	533
04/02/26	16:55:03	700	50	695	50	460	50	533
04/02/26	16:55:04	700	50	695	49	460	50	533
04/02/26	16:55:05	700	50	695	49	460	50	533
04/02/26	16:55:06	700	50	695	49	460	50	533
04/02/26	16:55:07	700	50	695	49	460	50	532
04/02/26	16:55:08	700	50	695	50	460	50	533
04/02/26	16:55:10	700	50	695	49	460	50	533
04/02/26	16:55:11	700	50	695	49	460	50	532
04/02/26	16:55:12	700	50	695	49	460	50	533
04/02/26	16:55:13	700	50	695	49	460	50	532
04/02/26	16:55:14	700	50	695	49	460	50	533
04/02/26	16:55:15	700	50	695	49	460	50	532
04/02/26	16:55:16	700	50	695	50	460	50	532
04/02/26	16:55:17	700	50	695	50	460	50	532
04/02/26	16:55:19	700	50	695	49	460	50	533
04/02/26	16:55:20	700	50	695	49	460	50	532
04/02/26	16:55:21	700	50	695	49	460	50	532
04/02/26	16:55:22	700	50	695	49	460	50	532
04/02/26	16:55:23	700	50	695	49	460	50	532
04/02/26	16:55:24	700	50	695	49	460	50	532
04/02/26	16:55:25	700	50	695	50	460	50	533
04/02/26	16:55:26	700	50	695	49	460	50	533
04/02/26	16:55:28	700	50	695	50	460	50	532
04/02/26	16:55:29	700	50	695	48	460	50	532
04/02/26	16:55:30	700	50	695	49	460	50	533
04/02/26	16:55:31	700	50	695	48	460	50	532
04/02/26	16:55:32	700	50	695	49	460	50	532
04/02/26	16:55:33	700	50	695	49	460	50	532
04/02/26	16:55:34	700	50	695	49	460	50	532
04/02/26	16:55:36	700	50	695	49	460	50	532
04/02/26	16:55:37	700	50	695	49	460	50	532
04/02/26	16:55:38	700	50	695	49	460	50	532
04/02/26	16:55:39	700	50	695	48	460	50	532
04/02/26	16:55:40	700	50	695	49	460	50	532
04/02/26	16:55:41	700	50	695	49	460	50	532
04/02/26	16:55:42	700	50	695	49	460	50	532
04/02/26	16:55:43	700	50	695	50	460	50	532
04/02/26	16:55:45	700	50	695	49	460	50	532
04/02/26	16:55:46	700	50	695	49	460	50	532
04/02/26	16:55:47	700	50	695	49	460	50	532
04/02/26	16:55:48	700	50	695	49	460	50	532
04/02/26	16:55:49	700	50	695	50	460	50	532
04/02/26	16:55:50	700	50	695	50	460	50	532
04/02/26	16:55:51	700	50	695	49	460	50	532
04/02/26	16:55:52	700	50	695	49	460	50	532
04/02/26	16:55:54	700	50	695	49	460	50	532
04/02/26	16:55:55	700	50	695	49	460	50	532
04/02/26	16:55:56	700	50	695	49	460	50	532
04/02/26	16:55:57	700	50	695	49	460	50	532
04/02/26	16:55:58	700	50	695	49	460	50	532
04/02/26	16:55:59	700	50	695	49	460	50	532
04/02/26	16:56:00	700	50	695	49	460	50	532
04/02/26	16:56:01	700	50	695	50	460	50	532
04/02/26	16:56:03	700	50	695	49	460	50	532
04/02/26	16:56:04	700	50	695	49	460	50	532
04/02/26	16:56:05	700	50	695	49	460	50	532
04/02/26	16:56:06	700	50	695	49	460	50	532
04/02/26	16:56:07	700	50	695	50	460	50	532
04/02/26	16:56:08	700	50	695	49	460	50	532
04/02/26	16:56:09	700	50	695	49	460	50	532
04/02/26	16:56:10	700	50	695	49	460	50	532
04/02/26	16:56:12	700	50	695	50	460	50	532
04/02/26	16:56:13	700	50	695	48	460	50	532
04/02/26	16:56:14	700	50	695	49	460	50	532
04/02/26	16:56:15	700	50	695	50	460	50	532
04/02/26	16:56:16	700	50	695	48	460	50	532
04/02/26	16:56:17	700	50	695	50	460	50	532
04/02/26	16:56:18	700	50	695	49	460	50	532
04/02/26	16:56:19	700	50	695	49	460	50	532
04/02/26	16:56:21	700	50	695	48	460	50	532
04/02/26	16:56:22	700	50	695	49	460	50	532
04/02/26	16:56:23	700	50	695	49	460	50	532
04/02/26	16:56:24	700	50	695	49	460	50	532
04/02/26	16:56:25	700	50	695	50	460	50	532
04/02/26	16:56:26	700	50	695	50	460	50	532
04/02/26	16:56:27	700	50	695	49	460	50	532
04/02/26	16:56:29	700	50	695	49	460	50	532
04/02/26	16:56:30	700	50	695	48	460	50	532
04/02/26	16:56:31	700	50	695	49	460	50	532
04/02/26	16:56:32	700	50	695	48	460	50	532
04/02/26	16:56:33	700	50	695	49	460	50	532
04/02/26	16:56:34	700	50	695	49	460	50	532
04/02/26	16:56:35	700	50	695	49	460	50	532
04/02/26	16:56:36	700	50	695	48	460	50	532
04/02/26	16:56:38	700	50	695	50	460	50	532
04/02/26	16:56:39	700	50	695	50	460	50	532
04/02/26	16:56:40	700	50	695	49	460	50	532
04/02/26	16:56:41	700	50	695	50	460	50	532
04/02/26	16:56:42	700	50	695	49	460	50	532
04/02/26	16:56:43	700	50	695	49	460	50	532
04/02/26	16:56:44	700	50	695	49	460	50	532
04/02/26	16:56:45	700	50	695	49	460	50	532
04/02/26	16:56:47	700	50	695	49	460	50	532
04/02/26	16:56:48	700	50	695	49	460	50	532
04/02/26	16:56:49	700	50	695	49	460	50	532
04/02/26	16:56:50	700	50	695	50	460	50	532
04/02/26	16:56:51	700	50	695	49	460	50	532
04/02/26	16:56:52	700	50	695	49	460	50	532
04/02/26	16:56:53	700	50	695	49	460	50	532
04/02/26	16:56:54	700	50	695	49	460	50	532
04/02/26	16:56:56	700	50	695	49	460	50	532
04/02/26	16:56:57	700	50	695	49	460	50	532
04/02/26	16:56:58	700	50	695	49	460	50	532
04/02/26	16:56:59	700	50	695	49	460	50	532
04/02/26	16:57:00	700	50	695	49	460	50	532
04/02/26	16:57:01	700	50	695	49	460	50	532
04/02/26	16:57:02	700	50	695	49	460	50	532
04/02/26	16:57:03	700	50	695	49	460	50	532
04/02/26	16:57:05	700	50	695	49	460	50	532
04/02/26	16:57:06	700	50	695	49	460	50	532
04/02/26	16:57:07	700	50	695	50	460	50	532
04/02/26	16:57:08	700	50	695	50	460	50	532
04/02/26	16:57:09	700	50	695	49	460	50	532
04/02/26	16:57:10	700	50	695	49	460	50	532
04/02/26	16:57:11	700	50	695	49	460	50	532
04/02/26	16:57:12	700	50	695	50	460	50	532
04/02/26	16:57:14	700	50	695	49	460	50	532
04/02/26	16:57:15	700	50	695	49	460	50	532
04/02/26	16:57:16	700	50	695	49	460	50	532
04/02/26	16:57:17	700	50	695	49	460	50	532
04/02/26	16:57:18	700	50	695	50	460	50	532
04/02/26	16:57:19	700	50	695	49	460	50	532
04/02/26	16:57:20	700	50	695	49	460	50	532
04/02/26	16:57:22	700	50	695	49	460	50	532
04/02/26	16:57:23	700	50	695	49	460	50	532
04/02/26	16:57:24	700	50	695	49	460	50	532
04/02/26	16:57:25	700	50	695	50	460	50	532
04/02/26	16:57:26	700	50	695	49	460	50	532
04/02/26	16:57:27	700	50	695	49	460	50	532
04/02/26	16:57:28	700	50	695	50	460	50	532
04/02/26	16:57:29	700	50	695	49	460	50	532
04/02/26	16:57:31	700	50	695	49	460	50	532
04/02/26	16:57:32	700	50	695	48	460	50	532
04/02/26	16:57:33	700	50	695	49	460	50	532
04/02/26	16:57:34	700	50	695	50	460	50	532
04/02/26	16:57:35	700	50	695	49	460	50	532
04/02/26	16:57:36	700	50	695	49	460	50	532
04/02/26	16:57:37	700	50	695	49	460	50	532
04/02/26	16:57:38	700	50	695	49	460	50	532
04/02/26	16:57:40	700	50	695	49	460	50	532
04/02/26	16:57:41	700	50	695	49	460	50	532
04/02/26	16:57:42	700	50	695	49	460	50	532
04/02/26	16:57:43	700	50	695	49	460	50	532
04/02/26	16:57:44	700	50	695	50	460	50	532
04/02/26	16:57:45	700	50	695	49	460	50	532
04/02/26	16:57:46	700	50	695	48	460	50	532
04/02/26	16:57:47	700	50	695	49	460	50	532
04/02/26	16:57:49	700	50	695	48	460	50	532
04/02/26	16:57:50	700	50	695	50	460	50	532
04/02/26	16:57:51	700	50	695	49	460	50	532
04/02/26	16:57:52	700	50	695	49	460	50	532
04/02/26	16:57:53	700	50	695	50	460	50	532
04/02/26	16:57:54	700	50	695	50	460	50	531
04/02/26	16:57:55	700	50	695	49	460	50	532
04/02/26	16:57:56	700	50	695	49	460	50	532
04/02/26	16:57:58	700	50	695	49	460	50	532
04/02/26	16:57:59	700	50	695	49	460	50	532
04/02/26	16:58:00	700	50	695	49	460	50	532
04/02/26	16:58:01	700	50	695	48	460	50	532
04/02/26	16:58:02	700	50	695	49	460	50	532
04/02/26	16:58:03	700	50	695	49	460	50	532
04/02/26	16:58:04	700	50	695	49	460	50	532
04/02/26	16:58:05	700	50	695	49	460	50	532
04/02/26	16:58:07	700	50	695	49	460	50	532
04/02/26	16:58:08	700	50	695	50	460	50	532
04/02/26	16:58:09	700	50	695	49	460	50	532
04/02/26	16:58:10	700	50	695	49	460	50	532
04/02/26	16:58:11	700	50	695	49	460	50	531
04/02/26	16:58:12	700	50	695	49	460	50	532
04/02/26	16:58:13	700	50	695	49	460	50	532
04/02/26	16:58:15	700	50	695	49	460	50	532
04/02/26	16:58:16	700	50	695	49	460	50	532
04/02/26	16:58:17	700	50	695	49	460	50	532
04/02/26	16:58:18	700	50	695	49	460	50	532
04/02/26	16:58:19	700	50	695	50	460	50	531
04/02/26	16:58:20	700	50	695	49	460	50	532
04/02/26	16:58:21	700	50	695	50	460	50	531
04/02/26	16:58:22	700	50	695	49	460	50	531
04/02/26	16:58:24	700	50	695	49	460	50	531
04/02/26	16:58:25	700	50	695	50	460	50	532
04/02/26	16:58:26	700	50	695	49	460	50	532
04/02/26	16:58:27	700	50	695	50	460	50	532
04/02/26	16:58:28	700	50	695	49	460	50	532
04/02/26	16:58:29	700	50	695	49	460	50	531
04/02/26	16:58:30	700	50	695	49	460	50	532
04/02/26	16:58:31	700	50	695	49	460	50	532
04/02/26	16:58:33	700	50	695	49	460	50	531
04/02/26	16:58:34	700	50	695	49	460	50	531
04/02/26	16:58:35	700	50	695	50	460	50	532
04/02/26	16:58:36	700	50	695	49	460	50	532
04/02/26	16:58:37	700	50	695	49	460	50	531
04/02/26	16:58:38	700	50	695	49	460	50	531
04/02/26	16:58:39	700	50	695	49	460	50	532
04/02/26	16:58:40	700	50	695	50	460	50	531
04/02/26	16:58:42	700	50	695	50	460	50	531
04/02/26	16:58:43	700	50	695	49	460	50	531
04/02/26	16:58:44	700	50	695	49	460	50	532
04/02/26	16:58:45	700	50	695	50	460	50	531
04/02/26	16:58:46	700	50	695	50	460	50	531
04/02/26	16:58:47	700	50	695	49	460	50	531
04/02/26	16:58:48	700	50	695	49	460	50	532
04/02/26	16:58:49	700	50	695	49	460	50	531
04/02/26	16:58:51	700	50	695	48	460	50	531
04/02/26	16:58:52	700	50	695	49	460	50	531
04/02/26	16:58:53	700	50	695	49	460	50	532
04/02/26	16:58:54	700	50	695	49	460	50	531
04/02/26	16:58:55	700	50	695	50	460	50	531
04/02/26	16:58:56	700	50	695	50	460	50	531
04/02/26	16:58:57	700	50	695	50	460	50	531
04/02/26	16:58:58	700	50	695	50	460	50	531
04/02/26	16:59:00	700	50	695	49	460	50	531
04/02/26	16:59:01	700	50	695	50	460	50	531
04/02/26	16:59:02	700	50	695	50	460	50	531
04/02/26	16:59:03	700	50	695	49	460	50	531
04/02/26	16:59:04	700	50	695	50	460	50	531
04/02/26	16:59:05	700	50	695	49	460	50	531
04/02/26	16:59:06	700	50	695	49	460	50	531
04/02/26	16:59:08	700	50	695	49	460	50	531
04/02/26	16:59:09	700	50	695	50	460	50	532
04/02/26	16:59:10	700	50	695	49	460	50	531
04/02/26	16:59:11	700	50	695	50	460	50	531
04/02/26	16:59:12	700	50	695	49	460	50	531
04/02/26	16:59:13	700	50	695	49	460	50	531
04/02/26	16:59:14	700	50	695	49	460	50	531
04/02/26	16:59:15	700	50	695	49	460	50	531
04/02/26	16:59:17	700	50	695	49	460	50	531
04/02/26	16:59:18	700	50	695	49	460	50	531
04/02/26	16:59:19	700	50	695	50	460	50	531
04/02/26	16:59:20	700	50	695	49	460	50	531
04/02/26	16:59:21	700	50	695	49	460	50	531
04/02/26	16:59:22	700	50	695	49	460	50	531
04/02/26	16:59:23	700	50	695	49	460	50	531
04/02/26	16:59:24	700	50	695	49	460	50	531
04/02/26	16:59:26	700	50	695	49	460	50	531
04/02/26	16:59:27	700	50	695	49	460	50	531
04/02/26	16:59:28	700	50	695	49	460	50	531
04/02/26	16:59:29	700	50	695	48	460	50	531
04/02/26	16:59:30	700	50	695	48	460	50	531
04/02/26	16:59:31	700	50	695	49	460	50	531
04/02/26	16:59:32	700	50	695	49	460	50	531
04/02/26	16:59:33	700	50	695	49	460	50	531
04/02/26	16:59:35	700	50	695	49	460	50	531
04/02/26	16:59:36	700	50	695	49	460	50	531
04/02/26	16:59:37	700	50	695	49	460	50	531
04/02/26	16:59:38	700	50	695	50	460	50	531
04/02/26	16:59:39	700	50	695	49	460	50	531
04/02/26	16:59:40	700	50	695	49	460	50	531
04/02/26	16:59:41	700	50	695	49	460	50	531
04/02/26	16:59:42	700	50	695	48	460	50	531
04/02/26	16:59:44	700	50	695	50	460	50	531
04/02/26	16:59:45	700	50	695	49	460	50	531
04/02/26	16:59:46	700	50	695	49	460	50	531
04/02/26	16:59:47	700	50	695	48	460	50	531
04/02/26	16:59:48	700	50	695	49	460	50	531
04/02/26	16:59:49	700	50	695	49	460	50	531
04/02/26	16:59:50	700	50	695	49	460	50	531
04/02/26	16:59:51	700	50	695	49	460	50	531
04/02/26	16:59:53	700	50	695	49	460	50	531
04/02/26	16:59:54	700	50	695	49	460	50	531
04/02/26	16:59:55	700	50	695	49	460	50	531
04/02/26	16:59:56	700	50	695	49	460	50	531
04/02/26	16:59:57	700	50	695	50	460	50	531
04/02/26	16:59:58	700	50	695	49	460	50	531
04/02/26	16:59:59	700	50	695	49	460	50	531
04/02/26	17:00:01	700	50	695	49	460	50	531
04/02/26	17:00:02	700	50	695	49	460	50	531
04/02/26	17:00:03	700	50	695	48	460	50	531
04/02/26	17:00:04	700	50	695	50	460	50	531
04/02/26	17:00:05	700	50	695	49	460	50	531
04/02/26	17:00:06	700	50	695	49	460	50	531
04/02/26	17:00:07	700	50	695	49	460	50	531
04/02/26	17:00:08	700	50	695	48	460	50	531
04/02/26	17:00:10	700	50	695	49	460	50	531
04/02/26	17:00:11	700	50	695	49	460	50	531
04/02/26	17:00:12	700	50	695	49	460	50	531
04/02/26	17:00:13	700	50	695	49	460	50	531
04/02/26	17:00:14	700	50	695	50	460	50	531
04/02/26	17:00:15	700	50	695	49	460	50	531
04/02/26	17:00:16	700	50	695	49	460	50	531
04/02/26	17:00:17	700	50	695	49	460	50	531
04/02/26	17:00:19	700	50	695	49	460	50	531
04/02/26	17:00:20	700	50	695	49	460	50	531
04/02/26	17:00:21	700	50	695	49	460	50	531
04/02/26	17:00:22	700	50	695	49	460	50	531
04/02/26	17:00:23	700	50	695	49	460	50	531
04/02/26	17:00:24	700	50	695	49	460	50	531
04/02/26	17:00:25	700	50	695	48	460	50	531
04/02/26	17:00:26	700	50	695	49	460	50	531
04/02/26	17:00:28	700	50	695	49	460	50	531
04/02/26	17:00:29	700	50	695	48	460	50	531
04/02/26	17:00:30	700	50	695	48	460	50	531
04/02/26	17:00:31	700	50	695	49	460	50	531
04/02/26	17:00:32	700	50	695	49	460	50	531
04/02/26	17:00:33	700	50	695	48	460	50	531
04/02/26	17:00:34	700	50	695	49	460	50	531
04/02/26	17:00:35	700	50	695	50	460	50	531
04/02/26	17:00:37	700	50	695	49	460	50	531
04/02/26	17:00:38	700	50	695	50	460	50	531
04/02/26	17:00:39	700	50	695	50	460	50	531
04/02/26	17:00:40	700	50	695	49	460	50	531
04/02/26	17:00:41	700	50	695	49	460	50	531
04/02/26	17:00:42	700	50	695	49	460	50	531
04/02/26	17:00:43	700	50	695	49	460	50	531
04/02/26	17:00:44	700	50	695	49	460	50	531
04/02/26	17:00:46	700	50	695	49	460	50	531
04/02/26	17:00:47	700	50	695	49	460	50	531
04/02/26	17:00:48	700	50	695	49	460	50	531
04/02/26	17:00:49	700	50	695	49	460	50	531
04/02/26	17:00:50	700	50	695	49	460	50	531
04/02/26	17:00:51	700	50	695	50	460	50	531
04/02/26	17:00:52	700	50	695	49	460	50	531
04/02/26	17:00:54	700	50	695	49	460	50	531
04/02/26	17:00:55	700	50	695	49	460	50	531
04/02/26	17:00:56	700	50	695	50	460	50	531
04/02/26	17:00:57	700	50	695	49	460	50	531
04/02/26	17:00:58	700	50	695	49	460	50	531
04/02/26	17:00:59	700	50	695	48	460	50	531
04/02/26	17:01:00	700	50	695	49	460	50	531
04/02/26	17:01:01	700	50	695	49	460	50	531
04/02/26	17:01:03	700	50	695	49	460	50	531
04/02/26	17:01:04	700	50	695	49	460	50	531
04/02/26	17:01:05	700	50	695	50	460	50	531
04/02/26	17:01:06	700	50	695	50	460	50	531
04/02/26	17:01:07	700	50	695	49	460	50	531
04/02/26	17:01:08	700	50	695	48	460	50	531
04/02/26	17:01:09	700	50	695	49	460	50	531
04/02/26	17:01:10	700	50	695	49	460	50	531
04/02/26	17:01:12	700	50	695	50	460	50	531
04/02/26	17:01:13	700	50	695	49	460	50	531
04/02/26	17:01:14	700	50	695	49	460	50	531
04/02/26	17:01:15	700	50	695	49	460	50	531
04/02/26	17:01:16	700	50	695	50	460	50	531
04/02/26	17:01:17	700	50	695	49	460	50	531
04/02/26	17:01:18	700	50	695	50	460	50	531
04/02/26	17:01:19	700	50	695	49	460	50	531
04/02/26	17:01:21	700	50	695	49	460	50	531
04/02/26	17:01:22	700	50	695	49	460	50	531
04/02/26	17:01:23	700	50	695	49	460	50	531
04/02/26	17:01:24	700	50	695	49	460	50	531
04/02/26	17:01:25	700	50	695	49	460	50	531
04/02/26	17:01:26	700	50	695	49	460	50	531
04/02/26	17:01:27	700	50	695	49	460	50	531
04/02/26	17:01:28	700	50	695	50	460	50	531
04/02/26	17:01:30	700	50	695	49	460	50	531
04/02/26	17:01:31	700	50	695	49	460	50	531
04/02/26	17:01:32	700	50	695	49	460	50	531
04/02/26	17:01:33	700	50	695	48	460	50	531
04/02/26	17:01:34	700	50	695	50	460	50	531
04/02/26	17:01:35	700	50	695	49	460	50	531
04/02/26	17:01:36	700	50	695	49	460	50	531
04/02/26	17:01:37	700	50	695	49	460	50	531
04/02/26	17:01:39	700	50	695	49	460	50	531
04/02/26	17:01:40	700	50	695	49	460	50	531
04/02/26	17:01:41	700	50	695	49	460	50	531
04/02/26	17:01:42	700	50	695	49	460	50	531
04/02/26	17:01:43	700	50	695	49	460	50	531
04/02/26	17:01:44	700	50	695	50	460	50	531
04/02/26	17:01:45	700	50	695	49	460	50	531
04/02/26	17:01:46	700	50	695	50	460	50	531
04/02/26	17:01:48	700	50	695	50	460	50	531
04/02/26	17:01:49	700	50	695	49	460	50	531
04/02/26	17:01:50	700	50	695	49	460	50	531
04/02/26	17:01:51	700	50	695	49	460	50	531
04/02/26	17:01:52	700	50	695	48	460	50	531
04/02/26	17:01:53	700	50	695	48	460	50	531
04/02/26	17:01:54	700	50	695	49	460	50	531
04/02/26	17:01:56	700	50	695	49	460	50	531
04/02/26	17:01:57	700	50	695	49	460	50	531
04/02/26	17:01:58	700	50	695	49	460	50	531
04/02/26	17:01:59	700	50	695	50	460	50	531
04/02/26	17:02:00	700	50	695	49	460	50	531
04/02/26	17:02:01	700	50	695	49	460	50	531
04/02/26	17:02:02	700	50	695	50	460	50	531
04/02/26	17:02:03	700	50	695	50	460	50	531
04/02/26	17:02:05	700	50	695	49	460	50	531
04/02/26	17:02:06	700	50	695	50	460	50	531
04/02/26	17:02:07	700	50	695	49	460	50	531
04/02/26	17:02:08	700	50	695	48	460	50	531
04/02/26	17:02:09	700	50	695	49	460	50	531
04/02/26	17:02:10	700	50	695	49	460	50	531
04/02/26	17:02:11	700	50	695	48	460	50	531
04/02/26	17:02:12	700	50	695	49	460	50	531
04/02/26	17:02:14	700	50	695	49	460	50	531
04/02/26	17:02:15	700	50	695	49	460	50	531
04/02/26	17:02:16	700	50	695	50	460	50	531
04/02/26	17:02:17	700	50	695	49	460	50	531
04/02/26	17:02:18	700	50	695	50	460	50	531
04/02/26	17:02:19	700	50	695	49	460	50	531
04/02/26	17:02:20	700	50	695	49	460	50	531
04/02/26	17:02:21	700	50	695	48	460	50	531
04/02/26	17:02:23	700	50	695	49	460	50	531
04/02/26	17:02:24	700	50	695	49	460	50	531
04/02/26	17:02:25	700	50	695	49	460	50	531
04/02/26	17:02:26	700	50	695	49	460	50	531
04/02/26	17:02:27	700	50	695	49	460	50	531
04/02/26	17:02:28	700	50	695	48	460	50	531
04/02/26	17:02:29	700	50	695	49	460	50	531
04/02/26	17:02:30	700	50	695	49	460	50	531
04/02/26	17:02:32	700	50	695	48	460	50	531
04/02/26	17:02:33	700	50	695	50	460	50	531
04/02/26	17:02:34	700	50	695	49	460	50	531
04/02/26	17:02:35	700	50	695	49	460	50	531
04/02/26	17:02:36	700	50	695	49	460	50	531
04/02/26	17:02:37	700	50	695	49	460	50	531
04/02/26	17:02:38	700	50	695	50	460	50	531
04/02/26	17:02:39	700	50	695	49	460	50	531
04/02/26	17:02:41	700	50	695	50	460	50	531
04/02/26	17:02:42	700	50	695	49	460	50	531
04/02/26	17:02:43	700	50	695	49	460	50	531
04/02/26	17:02:44	700	50	695	49	460	50	531
04/02/26	17:02:45	700	50	695	50	460	50	531
04/02/26	17:02:46	700	50	695	50	460	50	531
04/02/26	17:02:47	700	50	695	49	460	50	531
04/02/26	17:02:49	700	50	695	49	460	50	531
04/02/26	17:02:50	700	50	695	50	460	50	531
04/02/26	17:02:51	700	50	695	49	460	50	531
04/02/26	17:02:52	700	50	695	49	460	50	531
04/02/26	17:02:53	700	50	695	50	460	50	531
04/02/26	17:02:54	700	50	695	48	460	50	531
04/02/26	17:02:55	700	50	695	49	460	50	531
04/02/26	17:02:56	700	50	695	49	460	50	531
04/02/26	17:02:58	700	50	695	50	460	50	531
04/02/26	17:02:59	700	50	695	49	460	50	531
04/02/26	17:03:00	700	50	695	49	460	50	531
04/02/26	17:03:01	700	50	695	49	460	50	531
04/02/26	17:03:02	700	50	695	50	460	50	531
04/02/26	17:03:03	700	50	695	49	460	50	531
04/02/26	17:03:04	700	50	695	48	460	50	531
04/02/26	17:03:05	700	50	695	48	460	50	531
04/02/26	17:03:07	700	50	695	49	460	50	531
04/02/26	17:03:08	700	50	695	49	460	50	531
04/02/26	17:03:09	700	50	695	49	460	50	531
04/02/26	17:03:10	700	50	695	49	460	50	531
04/02/26	17:03:11	700	50	695	50	460	50	531
04/02/26	17:03:12	700	50	695	49	460	50	531
04/02/26	17:03:13	700	50	695	49	460	50	531
04/02/26	17:03:14	700	50	695	50	460	50	531
04/02/26	17:03:16	700	50	695	49	460	50	531
04/02/26	17:03:17	700	50	695	49	460	50	531
04/02/26	17:03:18	700	50	695	49	460	50	531
04/02/26	17:03:19	700	50	695	48	460	50	531
04/02/26	17:03:20	700	50	695	49	460	50	531
04/02/26	17:03:21	700	50	695	49	460	50	531
04/02/26	17:03:22	700	50	695	49	460	50	531
04/02/26	17:03:23	700	50	695	49	460	50	531
04/02/26	17:03:25	700	50	695	49	460	50	531
04/02/26	17:03:26	700	50	695	48	460	50	531
04/02/26	17:03:27	700	50	695	49	460	50	531
04/02/26	17:03:28	700	50	695	49	460	50	531
04/02/26	17:03:29	700	50	695	49	460	49	531
04/02/26	17:03:30	700	50	695	49	460	50	531
04/02/26	17:03:31	700	50	695	49	460	50	531
04/02/26	17:03:32	700	50	695	49	460	50	531
04/02/26	17:03:34	700	50	695	50	460	50	531
04/02/26	17:03:35	700	50	695	49	460	50	531
04/02/26	17:03:36	700	50	695	48	460	50	530
04/02/26	17:03:37	700	50	695	48	460	50	531
04/02/26	17:03:38	700	50	695	49	460	50	531
04/02/26	17:03:39	700	50	695	49	460	50	531
04/02/26	17:03:40	700	50	695	49	460	50	531
04/02/26	17:03:41	700	50	695	49	460	50	531
04/02/26	17:03:43	700	50	695	49	460	50	530
04/02/26	17:03:44	700	50	695	48	460	50	531
04/02/26	17:03:45	700	50	695	50	460	50	531
04/02/26	17:03:46	700	50	695	49	460	50	531
04/02/26	17:03:47	700	50	695	49	460	50	531
04/02/26	17:03:48	700	50	695	49	460	50	531
04/02/26	17:03:49	700	50	695	49	460	50	531
04/02/26	17:03:51	700	50	695	49	460	50	531
04/02/26	17:03:52	700	50	695	49	460	50	531
04/02/26	17:03:53	700	50	695	50	460	50	531
04/02/26	17:03:54	700	50	695	50	460	50	530
04/02/26	17:03:55	700	50	695	49	460	50	530
04/02/26	17:03:56	700	50	695	49	460	50	531
04/02/26	17:03:57	700	50	695	49	460	50	531
04/02/26	17:03:58	700	50	695	50	460	50	531
04/02/26	17:04:00	700	50	695	48	460	50	531
04/02/26	17:04:01	700	50	695	50	460	50	531
04/02/26	17:04:02	700	50	695	49	460	50	531
04/02/26	17:04:03	700	50	695	49	460	50	531
04/02/26	17:04:04	700	50	695	49	460	50	530
04/02/26	17:04:05	700	50	695	49	460	50	530
04/02/26	17:04:06	700	50	695	50	460	50	531
04/02/26	17:04:07	700	50	695	49	460	50	531
04/02/26	17:04:09	700	50	695	49	460	50	530
04/02/26	17:04:10	700	50	695	49	460	50	531
04/02/26	17:04:11	700	50	695	49	460	50	531
04/02/26	17:04:12	700	50	695	49	460	50	531
04/02/26	17:04:13	700	50	695	49	460	50	531
04/02/26	17:04:14	700	50	695	50	460	50	531
04/02/26	17:04:15	700	50	695	48	460	50	531
04/02/26	17:04:16	700	50	695	48	460	50	531
04/02/26	17:04:18	700	50	695	48	460	50	531
04/02/26	17:04:19	700	50	695	49	460	50	531
04/02/26	17:04:20	700	50	695	49	460	50	531
04/02/26	17:04:21	700	50	695	49	460	50	531
04/02/26	17:04:22	700	50	695	49	460	50	531
04/02/26	17:04:23	700	50	695	49	460	50	531
04/02/26	17:04:24	700	50	695	49	460	50	531
04/02/26	17:04:25	700	50	695	50	460	50	531
04/02/26	17:04:27	700	50	695	50	460	50	531
04/02/26	17:04:28	700	50	695	50	460	50	531
04/02/26	17:04:29	700	50	695	49	460	50	531
04/02/26	17:04:30	700	50	695	49	460	50	531
04/02/26	17:04:31	700	50	695	49	460	50	531
04/02/26	17:04:32	700	50	695	49	460	50	531
04/02/26	17:04:33	700	50	695	50	460	50	531
04/02/26	17:04:34	700	50	695	49	460	50	531
04/02/26	17:04:36	700	50	695	49	460	50	531
04/02/26	17:04:37	700	50	695	49	460	50	531
04/02/26	17:04:38	700	50	695	49	460	50	531
04/02/26	17:04:39	700	50	695	49	460	50	530
04/02/26	17:04:40	700	50	695	50	460	50	530
04/02/26	17:04:41	700	50	695	49	460	50	530
04/02/26	17:04:42	700	50	695	50	460	50	531
04/02/26	17:04:43	700	50	695	50	460	50	531
04/02/26	17:04:45	700	50	695	49	460	50	531
04/02/26	17:04:46	700	50	695	50	460	50	531
04/02/26	17:04:47	700	50	695	49	460	50	530
04/02/26	17:04:48	700	50	695	49	460	50	531
04/02/26	17:04:49	700	50	695	50	460	50	530
04/02/26	17:04:50	700	50	695	49	460	50	530
04/02/26	17:04:51	700	50	695	49	460	50	530
04/02/26	17:04:53	700	50	695	50	460	50	530
04/02/26	17:04:54	700	50	695	50	460	50	530
04/02/26	17:04:55	700	50	695	49	460	50	531
04/02/26	17:04:56	700	50	695	49	460	50	530
04/02/26	17:04:57	700	50	695	49	460	50	531
04/02/26	17:04:58	700	50	695	50	460	50	531
04/02/26	17:04:59	700	50	695	49	460	50	530
04/02/26	17:05:00	700	50	695	50	460	50	530
04/02/26	17:05:02	700	50	695	50	460	50	531
04/02/26	17:05:03	700	50	695	49	460	50	531
04/02/26	17:05:04	700	50	695	49	460	50	530
04/02/26	17:05:05	700	50	695	49	460	50	531
04/02/26	17:05:06	700	50	695	49	460	50	531
04/02/26	17:05:07	700	50	695	49	460	50	531
04/02/26	17:05:08	700	50	695	49	460	50	531
04/02/26	17:05:09	700	50	695	49	460	50	531
04/02/26	17:05:11	700	50	695	50	460	50	531
04/02/26	17:05:12	700	50	695	50	460	50	531
04/02/26	17:05:13	700	50	695	49	460	50	530
04/02/26	17:05:14	700	50	695	49	460	50	530
04/02/26	17:05:15	700	50	695	49	460	50	531
04/02/26	17:05:16	700	50	695	49	460	50	531
04/02/26	17:05:17	700	50	695	49	460	50	530
04/02/26	17:05:18	700	50	695	49	460	50	530
04/02/26	17:05:20	700	50	695	50	460	50	530
04/02/26	17:05:21	700	50	695	50	460	50	530
04/02/26	17:05:22	700	50	695	49	460	50	530
04/02/26	17:05:23	700	50	695	48	460	50	530
04/02/26	17:05:24	700	50	695	49	460	50	530
04/02/26	17:05:25	700	50	695	48	460	50	530
04/02/26	17:05:26	700	50	695	49	460	50	530
04/02/26	17:05:27	700	50	695	49	460	50	531
04/02/26	17:05:29	700	50	695	49	460	50	530
04/02/26	17:05:30	700	50	695	49	460	50	531
04/02/26	17:05:31	700	50	695	49	460	50	530
04/02/26	17:05:32	700	50	695	49	460	50	530
04/02/26	17:05:33	700	50	695	49	460	50	530
04/02/26	17:05:34	700	50	695	49	460	50	530
04/02/26	17:05:35	700	50	695	49	460	50	530
04/02/26	17:05:36	700	50	695	49	460	50	531
04/02/26	17:05:38	700	50	695	49	460	50	530
04/02/26	17:05:39	700	50	695	49	460	50	530
04/02/26	17:05:40	700	50	695	49	460	50	530
04/02/26	17:05:41	700	50	695	49	460	50	530
04/02/26	17:05:42	700	50	695	49	460	50	530
04/02/26	17:05:43	700	50	695	49	460	50	530
04/02/26	17:05:44	700	50	695	50	460	50	530
04/02/26	17:05:46	700	50	695	49	460	50	530
04/02/26	17:05:47	700	50	695	49	460	50	531
04/02/26	17:05:48	700	50	695	50	460	50	530
04/02/26	17:05:49	700	50	695	49	460	50	530
04/02/26	17:05:50	700	50	695	49	460	50	530
04/02/26	17:05:51	700	50	695	49	460	50	530
04/02/26	17:05:52	700	50	695	49	460	50	530
04/02/26	17:05:53	700	50	695	48	460	50	531
04/02/26	17:05:55	700	50	695	49	460	50	530
04/02/26	17:05:56	700	50	695	50	460	50	530
04/02/26	17:05:57	700	50	695	48	460	50	530
04/02/26	17:05:58	700	50	695	49	460	50	530
04/02/26	17:05:59	700	50	695	49	460	50	530
04/02/26	17:06:00	700	50	695	49	460	50	530
04/02/26	17:06:01	700	50	695	49	460	50	530
04/02/26	17:06:02	700	50	695	49	460	50	530
04/02/26	17:06:04	700	50	695	49	460	50	530
04/02/26	17:06:05	700	50	695	49	460	50	530
04/02/26	17:06:06	700	50	695	49	460	50	530
04/02/26	17:06:07	700	50	695	49	460	50	530
04/02/26	17:06:08	700	50	695	49	460	50	531
04/02/26	17:06:09	700	50	695	49	460	50	530
04/02/26	17:06:10	700	50	695	49	460	50	530
04/02/26	17:06:11	700	50	695	48	460	50	530
04/02/26	17:06:13	700	50	695	49	460	50	530
04/02/26	17:06:14	700	50	695	50	460	50	530
04/02/26	17:06:15	700	50	695	49	460	50	530
04/02/26	17:06:16	700	50	695	49	460	50	530
04/02/26	17:06:17	700	50	695	50	460	50	530
04/02/26	17:06:18	700	50	695	49	460	50	530
04/02/26	17:06:19	700	50	695	50	460	50	530
04/02/26	17:06:20	700	50	695	49	460	50	530
04/02/26	17:06:22	700	50	695	49	460	50	530
04/02/26	17:06:23	700	50	695	49	460	50	530
04/02/26	17:06:24	700	50	695	50	460	50	530
04/02/26	17:06:25	700	50	695	49	460	50	530
04/02/26	17:06:26	700	50	695	50	460	50	530
04/02/26	17:06:27	700	50	695	48	460	50	530
04/02/26	17:06:28	700	50	695	50	460	50	530
04/02/26	17:06:29	700	50	695	49	460	50	530
04/02/26	17:06:31	700	50	695	49	460	50	530
04/02/26	17:06:32	700	50	695	49	460	50	530
04/02/26	17:06:33	700	50	695	48	460	50	530
M1d 50
M2d 50
M3d 50
M1s 5.020E-02
M2s 1.690E-02
M3s 7.510E-02
