mvs 4
01/26/21	20:34:45	700	57	695	81	460	1437	541
01/26/21	20:34:46	700	57	695	81	460	1437	541
01/26/21	20:34:47	700	57	695	81	460	1438	541
01/26/21	20:34:48	700	57	695	80	460	1438	540
01/26/21	20:34:49	700	57	695	81	460	1439	540
01/26/21	20:34:50	700	57	695	82	460	1439	540
01/26/21	20:34:51	700	57	695	81	460	1439	540
01/26/21	20:34:53	700	56	695	81	460	1439	540
01/26/21	20:34:54	700	57	695	81	460	1439	540
01/26/21	20:34:55	700	56	695	82	460	1439	540
01/26/21	20:34:56	700	56	695	81	460	1439	540
01/26/21	20:34:57	700	56	695	81	460	1439	540
01/26/21	20:34:58	700	56	695	80	460	1439	540
01/26/21	20:34:59	700	56	695	81	460	1439	540
01/26/21	20:35:01	700	56	695	81	460	1439	540
01/26/21	20:35:02	700	56	695	81	460	1438	540
01/26/21	20:35:03	700	56	695	81	460	1438	539
01/26/21	20:35:04	700	56	695	81	460	1438	540
01/26/21	20:35:05	700	56	695	80	460	1438	539
01/26/21	20:35:06	700	56	695	81	460	1439	539
01/26/21	20:35:07	700	56	695	82	460	1438	539
01/26/21	20:35:08	700	56	695	81	460	1439	539
01/26/21	20:35:10	700	56	695	80	460	1438	539
01/26/21	20:35:11	700	56	695	82	460	1438	539
01/26/21	20:35:12	700	56	695	81	460	1438	539
01/26/21	20:35:13	700	56	695	82	460	1438	539
01/26/21	20:35:14	700	56	695	80	460	1439	539
01/26/21	20:35:15	700	56	695	81	460	1438	539
01/26/21	20:35:16	700	56	695	82	460	1439	539
01/26/21	20:35:17	700	56	695	81	460	1438	539
01/26/21	20:35:19	700	56	695	81	460	1439	539
01/26/21	20:35:20	700	56	695	82	460	1439	539
01/26/21	20:35:21	700	56	695	81	460	1439	539
01/26/21	20:35:22	700	56	695	82	460	1438	539
01/26/21	20:35:23	700	56	695	81	460	1439	539
01/26/21	20:35:24	700	56	695	80	460	1439	539
01/26/21	20:35:25	700	56	695	80	460	1439	539
01/26/21	20:35:26	700	56	695	81	460	1439	538
01/26/21	20:35:28	700	56	695	81	460	1439	539
01/26/21	20:35:29	700	56	695	81	460	1438	538

Ser BBFL2WB-1755
Ver Triplet5.33
Ave 18
Pkt 40
M1d 50
M2d 47
M3d 49
M1s 4.870E-02
M2s 1.820E-02
M3s 9.070E-02
Seq 0
Rat 19200
Set 1
Rec 0
Man 0
Int 00:01:00
Dat 01/26/21
Clk 20:35:29
Mst 15:23:29
Mem 0
