mvs 4
01/26/21	18:31:24	700	738	695	81	460	403	541
01/26/21	18:31:25	700	737	695	81	460	403	541
01/26/21	18:31:26	700	737	695	82	460	403	541
01/26/21	18:31:27	700	737	695	81	460	403	541
01/26/21	18:31:28	700	737	695	82	460	403	540
01/26/21	18:31:30	700	738	695	81	460	403	540
01/26/21	18:31:31	700	738	695	82	460	403	540
01/26/21	18:31:32	700	737	695	80	460	403	540
01/26/21	18:31:33	700	736	695	81	460	403	540
01/26/21	18:31:34	700	736	695	81	460	403	540
01/26/21	18:31:35	700	735	695	81	460	403	540
01/26/21	18:31:36	700	734	695	81	460	403	540
01/26/21	18:31:38	700	734	695	81	460	403	540
01/26/21	18:31:39	700	734	695	81	460	403	540
01/26/21	18:31:40	700	733	695	81	460	403	540
01/26/21	18:31:41	700	733	695	81	460	403	540
01/26/21	18:31:42	700	733	695	80	460	403	539
01/26/21	18:31:43	700	733	695	81	460	403	540
01/26/21	18:31:44	700	732	695	81	460	404	539
01/26/21	18:31:45	700	732	695	81	460	403	539
01/26/21	18:31:47	700	732	695	81	460	403	539
01/26/21	18:31:48	700	732	695	82	460	403	539
01/26/21	18:31:49	700	732	695	80	460	403	539
01/26/21	18:31:50	700	732	695	82	460	403	539
01/26/21	18:31:51	700	733	695	81	460	403	539
01/26/21	18:31:52	700	733	695	81	460	403	539
01/26/21	18:31:53	700	733	695	81	460	403	539
01/26/21	18:31:54	700	733	695	82	460	403	539
01/26/21	18:31:56	700	733	695	81	460	404	539
01/26/21	18:31:57	700	733	695	81	460	403	539
01/26/21	18:31:58	700	733	695	81	460	403	539
01/26/21	18:31:59	700	733	695	81	460	404	539
01/26/21	18:32:00	700	733	695	82	460	404	539
01/26/21	18:32:01	700	733	695	81	460	403	539
01/26/21	18:32:02	700	733	695	81	460	403	539
01/26/21	18:32:03	700	733	695	82	460	403	539
01/26/21	18:32:05	700	733	695	82	460	403	539
01/26/21	18:32:06	700	733	695	81	460	404	538
01/26/21	18:32:07	700	733	695	81	460	403	539
01/26/21	18:32:08	700	733	695	81	460	404	538

Ser BBFL2WB-1755
Ver Triplet5.33
Ave 18
Pkt 40
M1d 50
M2d 47
M3d 49
M1s 4.870E-02
M2s 1.820E-02
M3s 9.070E-02
Seq 0
Rat 19200
Set 1
Rec 0
Man 0
Int 00:01:00
Dat 01/26/21
Clk 18:32:08
Mst 15:23:29
Mem 0
