$get300 records to read
01/27/21	14:58:38	700	1385	695	372	460	1804	534
01/27/21	14:58:39	700	1385	695	372	460	1804	534
01/27/21	14:58:40	700	1384	695	372	460	1804	534
01/27/21	14:58:41	700	1383	695	373	460	1803	534
01/27/21	14:58:42	700	1383	695	373	460	1804	534
01/27/21	14:59:37	700	1389	695	371	460	1805	538
01/27/21	14:59:39	700	1388	695	372	460	1805	537
01/27/21	14:59:40	700	1386	695	371	460	1805	537
01/27/21	14:59:41	700	1386	695	372	460	1805	537
01/27/21	14:59:42	700	1387	695	372	460	1806	537
01/27/21	15:00:37	700	1385	695	370	460	1804	539
01/27/21	15:00:39	700	1389	695	371	460	1805	539
01/27/21	15:00:40	700	1387	695	371	460	1805	539
01/27/21	15:00:41	700	1387	695	371	460	1805	539
01/27/21	15:00:42	700	1387	695	372	460	1806	538
01/27/21	15:01:37	700	1396	695	370	460	1802	541
01/27/21	15:01:39	700	1396	695	370	460	1803	541
01/27/21	15:01:40	700	1394	695	370	460	1804	540
01/27/21	15:01:41	700	1394	695	370	460	1805	540
01/27/21	15:01:42	700	1394	695	371	460	1804	540
01/27/21	15:02:37	700	1400	695	370	460	1806	542
01/27/21	15:02:39	700	1398	695	370	460	1808	542
01/27/21	15:02:40	700	1399	695	370	460	1808	542
01/27/21	15:02:41	700	1399	695	371	460	1808	542
01/27/21	15:02:42	700	1398	695	370	460	1807	542
01/27/21	15:03:37	700	1402	695	369	460	1805	544
01/27/21	15:03:39	700	1401	695	370	460	1805	544
01/27/21	15:03:40	700	1400	695	370	460	1806	543
01/27/21	15:03:41	700	1400	695	370	460	1806	543
01/27/21	15:03:42	700	1400	695	370	460	1807	543
01/27/21	15:04:37	700	1406	695	369	460	1803	545
01/27/21	15:04:39	700	1405	695	369	460	1804	545
01/27/21	15:04:40	700	1403	695	369	460	1804	545
01/27/21	15:04:41	700	1402	695	370	460	1804	545
01/27/21	15:04:42	700	1403	695	370	460	1805	544
01/27/21	15:05:37	700	1407	695	369	460	1806	547
01/27/21	15:05:39	700	1407	695	369	460	1807	546
01/27/21	15:05:40	700	1406	695	370	460	1807	546
01/27/21	15:05:41	700	1406	695	369	460	1808	546
01/27/21	15:05:42	700	1406	695	369	460	1808	546
01/27/21	15:06:37	700	1410	695	369	460	1805	548
01/27/21	15:06:39	700	1410	695	369	460	1806	547
01/27/21	15:06:40	700	1409	695	369	460	1807	547
01/27/21	15:06:41	700	1409	695	369	460	1807	547
01/27/21	15:06:42	700	1409	695	368	460	1808	547
01/27/21	15:07:37	700	1411	695	368	460	1803	549
01/27/21	15:07:39	700	1407	695	368	460	1804	549
01/27/21	15:07:40	700	1407	695	368	460	1804	549
01/27/21	15:07:41	700	1408	695	369	460	1804	548
01/27/21	15:07:42	700	1409	695	368	460	1805	548
01/27/21	15:08:37	700	1414	695	368	460	1807	550
01/27/21	15:08:39	700	1413	695	369	460	1808	550
01/27/21	15:08:40	700	1413	695	368	460	1808	550
01/27/21	15:08:41	700	1413	695	369	460	1808	549
01/27/21	15:08:42	700	1413	695	368	460	1809	549
01/27/21	15:09:37	700	1416	695	368	460	1806	551
01/27/21	15:09:39	700	1414	695	368	460	1806	551
01/27/21	15:09:40	700	1414	695	368	460	1807	550
01/27/21	15:09:41	700	1414	695	368	460	1807	550
01/27/21	15:09:42	700	1414	695	369	460	1807	550
01/27/21	15:10:37	700	1416	695	367	460	1804	552
01/27/21	15:10:39	700	1416	695	367	460	1805	552
01/27/21	15:10:40	700	1415	695	367	460	1805	551
01/27/21	15:10:41	700	1415	695	368	460	1805	551
01/27/21	15:10:42	700	1414	695	367	460	1806	551
01/27/21	15:11:37	700	1417	695	368	460	1807	553
01/27/21	15:11:39	700	1417	695	368	460	1808	552
01/27/21	15:11:40	700	1417	695	366	460	1808	552
01/27/21	15:11:41	700	1416	695	367	460	1808	552
01/27/21	15:11:42	700	1416	695	368	460	1808	552
01/27/21	15:12:37	700	1418	695	368	460	1805	554
01/27/21	15:12:39	700	1418	695	367	460	1806	553
01/27/21	15:12:40	700	1417	695	368	460	1806	553
01/27/21	15:12:41	700	1417	695	367	460	1807	553
01/27/21	15:12:42	700	1415	695	367	460	1807	553
01/27/21	15:13:37	700	1419	695	368	460	1803	554
01/27/21	15:13:39	700	1418	695	367	460	1804	554
01/27/21	15:13:40	700	1418	695	367	460	1805	554
01/27/21	15:13:41	700	1416	695	368	460	1805	554
01/27/21	15:13:42	700	1416	695	367	460	1805	554
01/27/21	15:14:37	700	1421	695	366	460	1806	555
01/27/21	15:14:39	700	1419	695	367	460	1807	555
01/27/21	15:14:40	700	1419	695	366	460	1807	555
01/27/21	15:14:41	700	1419	695	367	460	1808	554
01/27/21	15:14:42	700	1420	695	367	460	1808	554
01/27/21	15:15:37	700	1421	695	367	460	1805	556
01/27/21	15:15:39	700	1421	695	367	460	1806	556
01/27/21	15:15:40	700	1420	695	367	460	1807	555
01/27/21	15:15:41	700	1421	695	367	460	1806	555
01/27/21	15:15:42	700	1421	695	367	460	1807	555
01/27/21	15:16:37	700	1422	695	366	460	1803	556
01/27/21	15:16:39	700	1424	695	367	460	1803	556
01/27/21	15:16:40	700	1423	695	367	460	1803	556
01/27/21	15:16:41	700	1421	695	366	460	1804	556
01/27/21	15:16:42	700	1422	695	366	460	1805	555
01/27/21	15:17:37	700	1423	695	366	460	1807	557
01/27/21	15:17:39	700	1422	695	366	460	1807	557
01/27/21	15:17:40	700	1421	695	366	460	1807	556
01/27/21	15:17:41	700	1421	695	367	460	1808	556
01/27/21	15:17:42	700	1421	695	366	460	1808	556
01/27/21	15:18:37	700	1423	695	366	460	1805	557
01/27/21	15:18:39	700	1423	695	366	460	1805	557
01/27/21	15:18:40	700	1423	695	366	460	1806	557
01/27/21	15:18:41	700	1423	695	367	460	1806	557
01/27/21	15:18:42	700	1423	695	366	460	1806	557
01/27/21	15:19:37	700	1424	695	366	460	1803	558
01/27/21	15:19:39	700	1423	695	366	460	1803	557
01/27/21	15:19:40	700	1423	695	366	460	1804	558
01/27/21	15:19:41	700	1422	695	366	460	1804	557
01/27/21	15:19:42	700	1424	695	366	460	1804	557
01/27/21	15:20:37	700	1425	695	365	460	1806	558
01/27/21	15:20:39	700	1424	695	366	460	1807	558
01/27/21	15:20:40	700	1424	695	366	460	1807	558
01/27/21	15:20:41	700	1424	695	366	460	1807	558
01/27/21	15:20:42	700	1424	695	366	460	1807	558
01/27/21	15:21:37	700	1425	695	366	460	1804	559
01/27/21	15:21:39	700	1424	695	366	460	1806	558
01/27/21	15:21:40	700	1423	695	367	460	1806	558
01/27/21	15:21:41	700	1424	695	367	460	1806	558
01/27/21	15:21:42	700	1423	695	366	460	1807	558
01/27/21	15:22:37	700	1425	695	366	460	1802	559
01/27/21	15:22:39	700	1425	695	367	460	1803	559
01/27/21	15:22:40	700	1424	695	367	460	1804	559
01/27/21	15:22:41	700	1424	695	366	460	1805	558
01/27/21	15:22:42	700	1424	695	366	460	1805	558
01/27/21	15:23:37	700	1426	695	366	460	1806	559
01/27/21	15:23:39	700	1425	695	366	460	1807	559
01/27/21	15:23:40	700	1424	695	366	460	1807	559
01/27/21	15:23:41	700	1424	695	366	460	1808	559
01/27/21	15:23:42	700	1424	695	366	460	1807	559
01/27/21	15:24:37	700	1426	695	366	460	1804	560
01/27/21	15:24:39	700	1425	695	366	460	1805	559
01/27/21	15:24:40	700	1423	695	365	460	1806	559
01/27/21	15:24:41	700	1425	695	366	460	1806	559
01/27/21	15:24:42	700	1425	695	365	460	1806	559
01/27/21	15:25:37	700	1426	695	366	460	1802	560
01/27/21	15:25:39	700	1426	695	366	460	1802	560
01/27/21	15:25:40	700	1425	695	366	460	1802	560
01/27/21	15:25:41	700	1425	695	365	460	1802	559
01/27/21	15:25:42	700	1425	695	367	460	1802	559
01/27/21	15:26:37	700	1427	695	365	460	1807	560
01/27/21	15:26:39	700	1426	695	365	460	1808	560
01/27/21	15:26:40	700	1426	695	366	460	1805	560
01/27/21	15:26:41	700	1426	695	366	460	1803	560
01/27/21	15:26:42	700	1426	695	366	460	1805	560
01/27/21	15:27:37	700	1427	695	366	460	1805	561
01/27/21	15:27:39	700	1427	695	365	460	1805	560
01/27/21	15:27:40	700	1427	695	366	460	1806	560
01/27/21	15:27:41	700	1426	695	366	460	1805	560
01/27/21	15:27:42	700	1426	695	366	460	1806	560
01/27/21	15:28:37	700	1427	695	365	460	1802	561
01/27/21	15:28:39	700	1426	695	366	460	1803	561
01/27/21	15:28:40	700	1426	695	365	460	1804	561
01/27/21	15:28:41	700	1427	695	366	460	1805	560
01/27/21	15:28:42	700	1425	695	365	460	1805	560
01/27/21	15:29:37	700	1427	695	365	460	1806	561
01/27/21	15:29:39	700	1427	695	366	460	1808	561
01/27/21	15:29:40	700	1427	695	366	460	1808	561
01/27/21	15:29:41	700	1427	695	366	460	1808	561
01/27/21	15:29:42	700	1427	695	366	460	1808	560
01/27/21	15:30:37	700	1428	695	365	460	1805	561
01/27/21	15:30:39	700	1427	695	366	460	1806	561
01/27/21	15:30:40	700	1426	695	365	460	1806	561
01/27/21	15:30:41	700	1426	695	366	460	1807	561
01/27/21	15:30:42	700	1427	695	366	460	1807	561
01/27/21	15:31:37	700	1429	695	366	460	1802	562
01/27/21	15:31:39	700	1427	695	366	460	1804	561
01/27/21	15:31:40	700	1426	695	366	460	1805	561
01/27/21	15:31:41	700	1427	695	365	460	1805	561
01/27/21	15:31:42	700	1427	695	365	460	1805	561
01/27/21	15:32:37	700	1428	695	365	460	1806	562
01/27/21	15:32:39	700	1427	695	365	460	1807	562
01/27/21	15:32:40	700	1425	695	366	460	1807	562
01/27/21	15:32:41	700	1425	695	365	460	1808	561
01/27/21	15:32:42	700	1425	695	365	460	1808	561
01/27/21	15:33:37	700	1429	695	365	460	1804	562
01/27/21	15:33:39	700	1428	695	365	460	1806	562
01/27/21	15:33:40	700	1428	695	365	460	1806	562
01/27/21	15:33:41	700	1428	695	364	460	1806	561
01/27/21	15:33:42	700	1428	695	365	460	1807	561
01/27/21	15:34:37	700	1429	695	365	460	1803	562
01/27/21	15:34:39	700	1428	695	366	460	1803	562
01/27/21	15:34:40	700	1427	695	365	460	1804	562
01/27/21	15:34:41	700	1428	695	365	460	1804	562
01/27/21	15:34:42	700	1428	695	365	460	1804	561
01/27/21	15:35:37	700	1428	695	365	460	1806	563
01/27/21	15:35:39	700	1428	695	365	460	1807	562
01/27/21	15:35:40	700	1428	695	365	460	1808	562
01/27/21	15:35:41	700	1428	695	365	460	1808	562
01/27/21	15:35:42	700	1428	695	365	460	1807	562
01/27/21	15:36:37	700	1428	695	365	460	1805	563
01/27/21	15:36:39	700	1429	695	365	460	1805	562
01/27/21	15:36:40	700	1428	695	365	460	1805	562
01/27/21	15:36:41	700	1427	695	364	460	1806	562
01/27/21	15:36:42	700	1427	695	365	460	1806	562
01/27/21	15:37:37	700	1429	695	365	460	1802	563
01/27/21	15:37:39	700	1428	695	365	460	1804	563
01/27/21	15:37:40	700	1427	695	365	460	1804	562
01/27/21	15:37:41	700	1427	695	365	460	1804	562
01/27/21	15:37:42	700	1427	695	365	460	1804	562
01/27/21	15:38:37	700	1429	695	365	460	1807	563
01/27/21	15:38:39	700	1426	695	364	460	1807	563
01/27/21	15:38:40	700	1428	695	365	460	1807	563
01/27/21	15:38:41	700	1428	695	365	460	1808	562
01/27/21	15:38:42	700	1427	695	365	460	1808	562
01/27/21	15:39:37	700	1428	695	365	460	1804	563
01/27/21	15:39:39	700	1429	695	365	460	1805	563
01/27/21	15:39:40	700	1428	695	366	460	1805	563
01/27/21	15:39:41	700	1428	695	365	460	1805	562
01/27/21	15:39:42	700	1427	695	365	460	1806	562
01/27/21	15:40:37	700	1429	695	365	460	1803	563
01/27/21	15:40:39	700	1428	695	364	460	1804	563
01/27/21	15:40:40	700	1427	695	365	460	1803	563
01/27/21	15:40:41	700	1427	695	365	460	1801	563
01/27/21	15:40:42	700	1427	695	365	460	1802	563
01/27/21	15:41:37	700	1430	695	364	460	1806	564
01/27/21	15:41:39	700	1429	695	365	460	1806	563
01/27/21	15:41:40	700	1428	695	365	460	1807	563
01/27/21	15:41:41	700	1428	695	365	460	1808	563
01/27/21	15:41:42	700	1428	695	365	460	1808	563
01/27/21	15:42:37	700	1429	695	364	460	1804	564
01/27/21	15:42:39	700	1428	695	365	460	1804	563
01/27/21	15:42:40	700	1429	695	365	460	1806	563
01/27/21	15:42:41	700	1428	695	364	460	1806	563
01/27/21	15:42:42	700	1428	695	365	460	1806	563
01/27/21	15:43:37	700	1429	695	364	460	1802	564
01/27/21	15:43:39	700	1429	695	365	460	1803	563
01/27/21	15:43:40	700	1429	695	365	460	1803	563
01/27/21	15:43:41	700	1428	695	365	460	1804	563
01/27/21	15:43:42	700	1428	695	365	460	1804	563
01/27/21	15:44:37	700	1428	695	365	460	1806	564
01/27/21	15:44:39	700	1428	695	364	460	1807	563
01/27/21	15:44:40	700	1429	695	364	460	1807	563
01/27/21	15:44:41	700	1428	695	365	460	1808	563
01/27/21	15:44:42	700	1428	695	365	460	1808	563
01/27/21	15:45:37	700	1429	695	364	460	1804	564
01/27/21	15:45:39	700	1429	695	365	460	1805	564
01/27/21	15:45:40	700	1428	695	364	460	1805	564
01/27/21	15:45:41	700	1428	695	364	460	1806	563
01/27/21	15:45:42	700	1428	695	364	460	1806	563
01/27/21	15:46:37	700	1428	695	364	460	1802	564
01/27/21	15:46:39	700	1430	695	365	460	1803	564
01/27/21	15:46:40	700	1428	695	365	460	1803	564
01/27/21	15:46:41	700	1429	695	364	460	1803	563
01/27/21	15:46:42	700	1429	695	365	460	1804	563
01/27/21	15:47:37	700	1425	695	364	460	1807	564
01/27/21	15:47:39	700	1420	695	365	460	1808	564
01/27/21	15:47:40	700	1427	695	365	460	1808	564
01/27/21	15:47:41	700	1428	695	365	460	1808	564
01/27/21	15:47:42	700	1427	695	365	460	1808	563
01/27/21	15:48:37	700	1429	695	365	460	1804	564
01/27/21	15:48:39	700	1430	695	365	460	1805	564
01/27/21	15:48:40	700	1429	695	365	460	1805	564
01/27/21	15:48:41	700	1429	695	364	460	1805	564
01/27/21	15:48:42	700	1428	695	365	460	1805	563
01/27/21	15:49:37	700	1429	695	364	460	1803	564
01/27/21	15:49:39	700	1429	695	364	460	1803	564
01/27/21	15:49:40	700	1429	695	364	460	1804	564
01/27/21	15:49:41	700	1429	695	364	460	1804	564
01/27/21	15:49:42	700	1428	695	364	460	1805	563
01/27/21	15:50:37	700	1430	695	364	460	1805	564
01/27/21	15:50:39	700	1429	695	365	460	1807	564
01/27/21	15:50:40	700	1429	695	364	460	1807	564
01/27/21	15:50:41	700	1430	695	364	460	1807	564
01/27/21	15:50:42	700	1429	695	365	460	1808	564
01/27/21	15:51:37	700	1430	695	364	460	1803	564
01/27/21	15:51:39	700	1429	695	364	460	1804	564
01/27/21	15:51:40	700	1428	695	365	460	1805	564
01/27/21	15:51:41	700	1429	695	365	460	1806	564
01/27/21	15:51:42	700	1428	695	365	460	1806	564
01/27/21	15:52:37	700	1430	695	365	460	1801	565
01/27/21	15:52:39	700	1429	695	365	460	1803	564
01/27/21	15:52:40	700	1428	695	364	460	1803	564
01/27/21	15:52:41	700	1429	695	365	460	1804	564
01/27/21	15:52:42	700	1429	695	364	460	1804	564
01/27/21	15:53:37	700	1430	695	365	460	1806	565
01/27/21	15:53:39	700	1429	695	365	460	1807	564
01/27/21	15:53:40	700	1428	695	364	460	1807	564
01/27/21	15:53:41	700	1429	695	364	460	1808	564
01/27/21	15:53:42	700	1428	695	364	460	1808	564
01/27/21	15:54:37	700	1429	695	364	460	1804	565
01/27/21	15:54:39	700	1429	695	364	460	1805	564
01/27/21	15:54:40	700	1430	695	364	460	1805	564
01/27/21	15:54:41	700	1429	695	365	460	1806	564
01/27/21	15:54:42	700	1430	695	365	460	1806	564
01/27/21	15:55:37	700	1431	695	364	460	1802	565
01/27/21	15:55:39	700	1430	695	364	460	1803	565
01/27/21	15:55:40	700	1430	695	365	460	1803	564
01/27/21	15:55:41	700	1430	695	364	460	1804	564
01/27/21	15:55:42	700	1430	695	365	460	1805	564
01/27/21	15:56:37	700	1430	695	365	460	1806	565
01/27/21	15:56:39	700	1430	695	364	460	1807	565
01/27/21	15:56:40	700	1429	695	365	460	1807	564
01/27/21	15:56:41	700	1429	695	364	460	1808	564
01/27/21	15:56:42	700	1429	695	365	460	1808	564
01/27/21	15:57:37	700	1430	695	364	460	1804	565
01/27/21	15:57:39	700	1430	695	364	460	1805	565
01/27/21	15:57:40	700	1429	695	364	460	1805	564
01/27/21	15:57:41	700	1430	695	364	460	1806	564
01/27/21	15:57:42	700	1429	695	365	460	1806	564
etx
