mvs 4
01/26/21	18:20:02	700	132	695	983	460	242	541
01/26/21	18:20:03	700	132	695	983	460	243	541
01/26/21	18:20:04	700	132	695	983	460	242	541
01/26/21	18:20:05	700	132	695	983	460	243	541
01/26/21	18:20:07	700	132	695	983	460	243	541
01/26/21	18:20:08	700	131	695	983	460	243	541
01/26/21	18:20:09	700	131	695	984	460	242	540
01/26/21	18:20:10	700	131	695	984	460	242	540
01/26/21	18:20:11	700	131	695	984	460	243	540
01/26/21	18:20:12	700	131	695	984	460	243	540
01/26/21	18:20:13	700	130	695	984	460	242	540
01/26/21	18:20:14	700	130	695	984	460	242	540
01/26/21	18:20:16	700	130	695	983	460	243	540
01/26/21	18:20:17	700	130	695	984	460	242	540
01/26/21	18:20:18	700	130	695	984	460	242	540
01/26/21	18:20:19	700	130	695	984	460	242	540
01/26/21	18:20:20	700	130	695	984	460	242	540
01/26/21	18:20:21	700	130	695	984	460	242	540
01/26/21	18:20:22	700	130	695	984	460	242	540
01/26/21	18:20:24	700	130	695	984	460	242	540
01/26/21	18:20:25	700	130	695	984	460	242	540
01/26/21	18:20:26	700	130	695	984	460	242	540
01/26/21	18:20:27	700	130	695	984	460	242	539
01/26/21	18:20:28	700	130	695	984	460	242	539
01/26/21	18:20:29	700	130	695	983	460	242	539
01/26/21	18:20:30	700	130	695	984	460	242	539
01/26/21	18:20:31	700	129	695	984	460	242	539
01/26/21	18:20:33	700	129	695	984	460	242	539
01/26/21	18:20:34	700	129	695	984	460	241	539
01/26/21	18:20:35	700	129	695	983	460	242	539
01/26/21	18:20:36	700	129	695	984	460	242	539
01/26/21	18:20:37	700	128	695	984	460	242	539
01/26/21	18:20:38	700	128	695	984	460	242	539
01/26/21	18:20:39	700	128	695	984	460	242	539
01/26/21	18:20:40	700	128	695	984	460	241	539
01/26/21	18:20:42	700	128	695	984	460	242	539
01/26/21	18:20:43	700	127	695	983	460	241	539
01/26/21	18:20:44	700	127	695	984	460	241	539
01/26/21	18:20:45	700	127	695	984	460	242	539
01/26/21	18:20:46	700	127	695	984	460	241	539

Ser BBFL2WB-1755
Ver Triplet5.33
Ave 18
Pkt 40
M1d 50
M2d 47
M3d 49
M1s 4.870E-02
M2s 1.820E-02
M3s 9.070E-02
Seq 0
Rat 19200
Set 1
Rec 0
Man 0
Int 00:01:00
Dat 01/26/21
Clk 18:20:46
Mst 15:23:29
Mem 4095
