mvs 4
01/26/21	20:51:59	700	50	695	48	460	50	541
01/26/21	20:52:00	700	50	695	49	460	50	541
01/26/21	20:52:01	700	50	695	49	460	50	541
01/26/21	20:52:02	700	50	695	48	460	50	540
01/26/21	20:52:03	700	50	695	48	460	50	540
01/26/21	20:52:04	700	50	695	49	460	50	540
01/26/21	20:52:05	700	50	695	48	460	50	540
01/26/21	20:52:07	700	50	695	48	460	50	540
01/26/21	20:52:08	700	50	695	49	460	50	540
01/26/21	20:52:09	700	50	695	48	460	50	540
01/26/21	20:52:10	700	50	695	49	460	50	540
01/26/21	20:52:11	700	50	695	49	460	50	539
01/26/21	20:52:12	700	50	695	49	460	50	539
01/26/21	20:52:13	700	50	695	49	460	50	539
01/26/21	20:52:14	700	50	695	49	460	50	539
01/26/21	20:52:16	700	50	695	49	460	50	539
01/26/21	20:52:17	700	50	695	49	460	50	539
01/26/21	20:52:18	700	50	695	49	460	50	539
01/26/21	20:52:19	700	50	695	48	460	50	539
01/26/21	20:52:20	700	50	695	49	460	50	539
01/26/21	20:52:21	700	50	695	48	460	50	539
01/26/21	20:52:22	700	50	695	49	460	50	539
01/26/21	20:52:23	700	50	695	49	460	50	539
01/26/21	20:52:25	700	50	695	49	460	50	539
01/26/21	20:52:26	700	50	695	48	460	50	539
01/26/21	20:52:27	700	50	695	49	460	50	539
01/26/21	20:52:28	700	50	695	48	460	50	539
01/26/21	20:52:29	700	50	695	48	460	50	539
01/26/21	20:52:30	700	50	695	49	460	50	539
01/26/21	20:52:31	700	50	695	49	460	50	539
01/26/21	20:52:33	700	50	695	48	460	50	538
01/26/21	20:52:34	700	50	695	49	460	50	538
01/26/21	20:52:35	700	50	695	49	460	50	538
01/26/21	20:52:36	700	50	695	48	460	50	538
01/26/21	20:52:37	700	50	695	48	460	50	538
01/26/21	20:52:38	700	50	695	48	460	50	538
01/26/21	20:52:39	700	50	695	49	460	50	538
01/26/21	20:52:40	700	50	695	49	460	50	538
01/26/21	20:52:42	700	50	695	50	460	50	538
01/26/21	20:52:43	700	50	695	48	460	50	538

Ser BBFL2WB-1755
Ver Triplet5.33
Ave 18
Pkt 40
M1d 50
M2d 47
M3d 49
M1s 4.870E-02
M2s 1.820E-02
M3s 9.070E-02
Seq 0
Rat 19200
Set 1
Rec 0
Man 0
Int 00:01:00
Dat 01/26/21
Clk 20:52:43
Mst 15:23:29
Mem 0
